22
0 979 771 676 833 946 838 838 885 296 562 199 361 350 649 476 600 100 773 435 317 728
979 0 210 305 148 35 143 143 96 685 419 782 620 631 332 505 381 881 208 546 664 253
771 210 0 97 64 177 69 69 116 477 211 574 412 423 124 297 173 673 4 338 456 45
676 305 97 0 159 272 164 164 211 382 116 479 317 328 29 202 78 578 99 243 361 54
833 148 64 159 0 115 7 7 54 539 273 636 474 485 186 359 235 735 62 400 518 107
946 35 177 272 115 0 110 110 63 652 386 749 587 598 299 472 348 848 175 513 631 220
838 143 69 164 7 110 0 2 49 544 278 641 479 490 191 364 240 740 67 405 523 112
838 143 69 164 7 110 2 0 49 544 278 641 479 490 191 364 240 740 67 405 523 112
885 96 116 211 54 63 49 49 0 591 325 688 526 537 238 411 287 787 114 452 570 159
296 685 477 382 539 652 544 544 591 0 268 99 67 56 355 182 306 198 479 141 23 434
562 419 211 116 273 386 278 278 325 268 0 365 203 214 89 88 40 464 213 129 247 168
199 782 574 479 636 749 641 641 688 99 365 0 164 153 452 279 403 101 576 238 120 531
361 620 412 317 474 587 479 479 526 67 203 164 0 13 290 117 241 263 414 76 46 369
350 631 423 328 485 598 490 490 537 56 214 153 13 0 301 128 252 252 425 87 35 380
649 332 124 29 186 299 191 191 238 355 89 452 290 301 0 175 51 551 126 216 334 81
476 505 297 202 359 472 364 364 411 182 88 279 117 128 175 0 126 378 299 43 161 254
600 381 173 78 235 348 240 240 287 306 40 403 241 252 51 126 0 502 175 167 285 130
100 881 673 578 735 848 740 740 787 198 464 101 263 252 551 378 502 0 675 337 219 630
773 208 4 99 62 175 67 67 114 479 213 576 414 425 126 299 175 675 0 340 458 47
435 546 338 243 400 513 405 405 452 141 129 238 76 87 216 43 167 337 340 0 120 295
317 664 456 361 518 631 523 523 570 23 247 120 46 35 334 161 285 219 458 120 0 413
728 253 45 54 107 220 112 112 159 434 168 531 369 380 81 254 130 630 47 295 413 0
