182
0 172 214 197 242 656 377 352 133 422 301 87 108 81 720 503 230 574 426 662 417 375 179 257 244 108 309 43 687 508 218 726 142 522 48 102 208 143 574 355 346 563 795 249 74 388 766 42 330 722 387 390 151 597 773 330 319 398 259 127 609 719 193 516 77 21 698 390 10 224 459 498 557 765 754 309 337 694 182 468 314 135 605 91 215 431 301 402 162 651 26 288 146 326 436 508 593 750 301 253 584 107 800 217 99 120 531 636 532 551 534 530 562 765 187 729 45 43 213 483 719 158 131 776 498 343 776 79 711 26 641 117 39 375 352 264 260 755 320 632 531 450 589 113 99 213 633 167 266 418 513 650 350 250 655 462 619 451 362 390 509 365 494 654 20 607 272 328 321 676 427 707 178 489 569 754 537 527 19 721 399 592
172 0 44 27 72 486 207 182 41 252 131 89 66 93 550 333 60 404 256 492 247 205 9 87 74 66 139 131 517 338 48 556 32 352 126 72 38 31 404 185 176 393 625 79 100 218 596 132 160 552 217 220 23 427 603 160 149 228 89 47 439 549 23 346 99 153 528 220 164 54 289 328 387 595 584 139 167 524 12 298 144 39 435 85 45 261 131 232 12 481 148 118 28 156 266 338 423 580 131 83 414 67 630 47 75 54 361 466 362 381 364 360 392 595 17 559 129 133 43 313 549 16 43 606 328 173 606 95 541 148 471 57 135 205 182 94 90 585 150 462 361 280 419 63 75 43 463 7 96 248 343 480 180 80 485 292 449 281 192 220 339 195 324 484 154 437 102 158 151 506 257 537 8 319 399 584 367 357 155 551 229 422
214 44 0 19 30 444 165 140 83 210 89 131 108 135 508 291 18 362 214 450 205 163 37 45 32 108 97 173 475 296 6 514 74 310 168 114 8 73 362 143 134 351 583 37 142 176 554 174 118 510 175 178 65 385 561 118 107 186 47 89 397 507 23 304 141 195 486 178 206 12 247 286 345 553 542 97 125 482 34 256 102 81 393 127 3 219 89 190 54 439 190 76 70 114 224 296 381 538 89 41 372 109 588 5 117 96 319 424 320 339 322 318 350 553 29 517 171 175 3 271 507 58 85 564 286 131 564 137 499 190 429 99 177 163 140 52 48 543 108 420 319 238 377 105 117 3 421 49 54 206 301 438 138 38 443 250 407 239 150 178 297 153 282 442 196 395 60 116 109 464 215 495 40 277 357 542 325 315 197 509 187 380
197 27 19 0 47 461 182 157 66 227 106 114 91 118 525 308 35 379 231 467 222 180 20 62 49 91 114 156 492 313 23 531 57 327 151 97 13 56 379 160 151 368 600 54 125 193 571 157 135 527 192 195 48 402 578 135 124 203 64 72 414 524 6 321 124 178 503 195 189 29 264 303 362 570 559 114 142 499 17 273 119 64 410 110 20 236 106 207 37 456 173 93 53 131 241 313 398 555 106 58 389 92 605 22 100 79 336 441 337 356 339 335 367 570 12 534 154 158 18 288 524 41 68 581 303 148 581 120 516 173 446 82 160 180 157 69 65 560 125 437 336 255 394 88 100 18 438 32 71 223 318 455 155 55 460 267 424 256 167 195 314 170 299 459 179 412 77 133 126 481 232 512 23 294 374 559 342 332 180 526 204 397
242 72 30 47 0 416 137 112 111 182 61 159 136 163 480 263 14 334 186 422 177 135 65 17 4 136 69 201 447 268 26 486 102 282 196 142 36 101 334 115 106 323 555 9 170 148 526 202 90 482 147 150 93 357 533 90 79 158 19 117 369 479 51 276 169 223 458 150 234 20 219 258 317 525 514 69 97 454 62 228 74 109 365 155 29 191 61 162 82 411 218 48 98 86 196 268 353 510 61 13 344 137 560 27 145 124 291 396 292 311 294 290 322 525 57 489 199 203 31 243 479 86 113 536 258 103 536 165 471 218 401 127 205 135 112 24 20 515 80 392 291 210 349 133 145 31 393 77 26 178 273 410 110 10 415 222 379 211 122 150 269 125 254 414 224 367 32 88 81 436 187 467 68 249 329 514 297 287 225 481 159 352
656 486 444 461 416 0 281 306 525 236 357 573 550 577 66 155 428 84 232 8 241 283 479 401 414 550 349 615 33 150 440 72 516 136 610 556 450 515 84 303 312 95 141 411 584 270 112 616 328 68 271 268 507 61 119 328 339 260 399 531 49 65 465 142 583 637 44 268 648 434 199 160 101 111 100 349 321 40 476 190 344 523 53 569 443 227 357 256 496 7 632 370 512 332 222 150 65 96 357 405 74 551 146 441 559 538 127 22 126 107 124 128 96 111 471 75 613 617 445 175 65 500 527 122 160 315 122 579 57 632 17 541 619 283 306 394 398 101 338 26 127 208 69 547 559 445 25 491 394 240 145 8 308 408 5 198 39 207 296 268 149 295 166 6 638 51 386 330 337 22 233 53 482 173 89 100 121 131 639 67 259 66
377 207 165 182 137 281 0 27 246 47 78 294 271 298 345 128 149 199 51 287 42 4 200 122 135 271 70 336 312 133 161 351 237 147 331 277 171 236 199 24 33 188 420 132 305 13 391 337 49 347 12 15 228 222 398 49 60 23 120 252 234 344 186 141 304 358 323 15 369 155 84 123 182 390 379 70 42 319 197 93 65 244 230 290 164 56 78 27 217 276 353 91 233 53 61 133 218 375 78 126 209 272 425 162 280 259 156 261 157 176 159 155 187 390 192 354 334 338 166 108 344 221 248 401 123 36 401 300 336 353 266 262 340 4 27 115 119 380 59 257 156 75 214 268 280 166 258 212 115 43 138 275 29 129 280 87 244 76 17 15 134 16 119 279 359 232 107 51 58 301 52 332 203 114 194 379 162 152 360 346 24 217
352 182 140 157 112 306 27 0 221 72 53 269 246 273 370 153 124 224 76 312 67 25 175 97 110 246 45 311 337 158 136 376 212 172 306 252 146 211 224 5 8 213 445 107 280 38 416 312 24 372 37 40 203 247 423 24 35 48 95 227 259 369 161 166 279 333 348 40 344 130 109 148 207 415 404 45 17 344 172 118 40 219 255 265 139 81 53 52 192 301 328 66 208 28 86 158 243 400 53 101 234 247 450 137 255 234 181 286 182 201 184 180 212 415 167 379 309 313 141 133 369 196 223 426 148 11 426 275 361 328 291 237 315 25 2 90 94 405 34 282 181 100 239 243 255 141 283 187 90 68 163 300 4 104 305 112 269 101 12 40 159 15 144 304 334 257 82 26 33 326 77 357 178 139 219 404 187 177 335 371 49 242
133 41 83 66 111 525 246 221 0 291 170 50 27 54 589 372 99 443 295 531 286 244 48 126 113 27 178 92 556 377 87 595 11 391 87 33 77 12 443 224 215 432 664 118 61 257 635 93 199 591 256 259 20 466 642 199 188 267 128 8 478 588 62 385 60 114 567 259 125 93 328 367 426 634 623 178 206 563 51 337 183 4 474 46 84 300 170 271 31 520 109 157 15 195 305 377 462 619 170 122 453 28 669 86 36 15 400 505 401 420 403 399 431 634 56 598 90 94 82 352 588 27 4 645 367 212 645 56 580 109 510 18 96 244 221 133 129 624 189 501 400 319 458 24 36 82 502 36 135 287 382 519 219 119 524 331 488 320 231 259 378 234 363 523 115 476 141 197 190 545 296 576 47 358 438 623 406 396 116 590 268 461
422 252 210 227 182 236 47 72 291 0 123 339 316 343 300 83 194 154 6 242 7 49 245 167 180 316 115 381 267 88 206 306 282 102 376 322 216 281 154 69 78 143 375 177 350 36 346 382 94 302 37 34 273 177 353 94 105 26 165 297 189 299 231 96 349 403 278 34 414 200 39 78 137 345 334 115 87 274 242 48 110 289 185 335 209 11 123 22 262 231 398 136 278 98 16 88 173 330 123 171 164 317 380 207 325 304 111 216 112 131 114 110 142 345 237 309 379 383 211 63 299 266 293 356 78 81 356 345 291 398 221 307 385 49 72 160 164 335 104 212 111 30 169 313 325 211 213 257 160 6 93 230 74 174 235 42 199 31 62 34 89 61 74 234 404 187 152 96 103 256 7 287 248 69 149 334 117 107 405 301 25 172
301 131 89 106 61 357 78 53 170 123 0 218 195 222 421 204 73 275 127 363 118 76 124 46 59 195 10 260 388 209 85 427 161 223 255 201 95 160 275 56 47 264 496 56 229 89 467 261 31 423 88 91 152 298 474 31 20 99 44 176 310 420 110 217 228 282 399 91 293 79 160 199 258 466 455 10 38 395 121 169 15 168 306 214 88 132 2 103 141 352 277 15 157 27 137 209 294 451 2 50 285 196 501 86 204 183 232 337 233 252 235 231 263 466 116 430 258 262 90 184 420 145 172 477 199 44 477 224 412 277 342 186 264 76 53 39 43 456 21 333 232 151 290 192 204 90 334 136 39 119 214 351 51 53 356 163 320 152 63 91 210 66 195 355 283 308 31 29 22 377 128 408 127 190 270 455 238 228 284 422 100 293
87 89 131 114 159 573 294 269 50 339 218 0 25 8 637 420 147 491 343 579 334 292 96 174 161 25 226 46 604 425 135 643 59 439 41 19 125 60 491 272 263 480 712 166 15 305 683 47 247 639 304 307 68 514 690 247 236 315 176 44 526 636 110 433 14 68 615 307 79 141 376 415 474 682 671 226 254 611 99 385 231 52 522 8 132 348 218 319 79 568 63 205 63 243 353 425 510 667 218 170 501 24 717 134 16 37 448 553 449 468 451 447 479 682 104 646 44 48 130 400 636 75 48 693 415 260 693 10 628 63 558 34 50 292 269 181 177 672 237 549 448 367 506 30 16 130 550 84 183 335 430 567 267 167 572 379 536 368 279 307 426 282 411 571 69 524 189 245 238 593 344 624 95 406 486 671 454 444 70 638 316 509
108 66 108 91 136 550 271 246 27 316 195 25 0 29 614 397 124 468 320 556 311 269 73 151 138 2 203 67 581 402 112 620 36 416 62 8 102 37 468 249 240 457 689 143 36 282 660 68 224 616 281 284 45 491 667 224 213 292 153 21 503 613 87 410 35 89 592 284 100 118 353 392 451 659 648 203 231 588 76 362 208 29 499 21 109 325 195 296 56 545 84 182 40 220 330 402 487 644 195 147 478 3 694 111 11 14 425 530 426 445 428 424 456 659 81 623 65 69 107 377 613 52 25 670 392 237 670 31 605 84 535 11 71 269 246 158 154 649 214 526 425 344 483 7 11 107 527 61 160 312 407 544 244 144 549 356 513 345 256 284 403 259 388 548 90 501 166 222 215 570 321 601 72 383 463 648 431 421 91 615 293 486
81 93 135 118 163 577 298 273 54 343 222 8 29 0 641 424 151 495 347 583 338 296 100 178 165 29 230 40 608 429 139 647 63 443 35 23 129 64 495 276 267 484 716 170 9 309 687 41 251 643 308 311 72 518 694 251 240 319 180 48 530 640 114 437 8 62 619 311 73 145 380 419 478 686 675 230 258 615 103 389 235 56 526 12 136 352 222 323 83 572 57 209 67 247 357 429 514 671 222 174 505 28 721 138 20 41 452 557 453 472 455 451 483 686 108 650 38 42 134 404 640 79 52 697 419 264 697 4 632 57 562 38 44 296 273 185 181 676 241 553 452 371 510 34 20 134 554 88 187 339 434 571 271 171 576 383 540 372 283 311 430 286 415 575 63 528 193 249 242 597 348 628 99 410 490 675 458 448 64 642 320 513
720 550 508 525 480 66 345 370 589 300 421 637 614 641 0 219 492 148 296 60 305 347 543 465 478 614 413 679 35 214 504 8 580 200 674 620 514 579 148 367 376 159 77 475 648 334 48 680 392 4 335 332 571 125 55 392 403 324 463 595 113 3 529 206 647 701 24 332 712 498 263 224 165 47 36 413 385 28 540 254 408 587 117 633 507 291 421 320 560 71 696 434 576 396 286 214 129 32 421 469 138 615 82 505 623 602 191 86 190 171 188 192 160 47 535 11 677 681 509 239 3 564 591 58 224 379 58 643 11 696 81 605 683 347 370 458 462 37 402 90 191 272 133 611 623 509 89 555 458 304 209 72 372 472 69 262 103 271 360 332 213 359 230 70 702 115 450 394 401 48 297 15 546 237 153 36 185 195 703 3 323 130
503 333 291 308 263 155 128 153 372 83 204 420 397 424 219 0 275 73 79 161 88 130 326 248 261 397 196 462 186 7 287 225 363 21 457 403 297 362 73 150 159 62 294 258 431 117 265 463 175 221 118 115 354 96 272 175 186 107 246 378 108 218 312 15 430 484 197 115 495 281 46 7 56 264 253 196 168 193 323 37 191 370 104 416 290 74 204 103 343 150 479 217 359 179 69 7 92 249 204 252 83 398 299 288 406 385 30 135 31 50 33 29 61 264 318 228 460 464 292 22 218 347 374 275 7 162 275 426 210 479 140 388 466 130 153 241 245 254 185 131 30 55 88 394 406 292 132 338 241 87 12 149 155 255 154 45 118 54 143 115 8 142 13 153 485 106 233 177 184 175 80 206 329 20 68 253 36 26 486 220 106 91
230 60 18 35 14 428 149 124 99 194 73 147 124 151 492 275 0 346 198 434 189 147 53 29 16 124 81 189 459 280 14 498 90 294 184 130 24 89 346 127 118 335 567 21 158 160 538 190 102 494 159 162 81 369 545 102 91 170 31 105 381 491 39 288 157 211 470 162 222 8 231 270 329 537 526 81 109 466 50 240 86 97 377 143 17 203 73 174 70 423 206 60 86 98 208 280 365 522 73 25 356 125 572 15 133 112 303 408 304 323 306 302 334 537 45 501 187 191 19 255 491 74 101 548 270 115 548 153 483 206 413 115 193 147 124 36 32 527 92 404 303 222 361 121 133 19 405 65 38 190 285 422 122 22 427 234 391 223 134 162 281 137 266 426 212 379 44 100 93 448 199 479 56 261 341 526 309 299 213 493 171 364
574 404 362 379 334 84 199 224 443 154 275 491 468 495 148 73 346 0 150 90 159 201 397 319 332 468 267 533 115 68 358 154 434 54 528 474 368 433 2 221 230 13 223 329 502 188 194 534 246 150 189 186 425 25 201 246 257 178 317 449 37 147 383 60 501 555 126 186 566 352 117 78 19 193 182 267 239 122 394 108 262 441 33 487 361 145 275 174 414 79 550 288 430 250 140 68 21 178 275 323 12 469 228 359 477 456 45 64 44 25 42 46 14 193 389 157 531 535 363 93 147 418 445 204 78 233 204 497 139 550 69 459 537 201 224 312 316 183 256 60 45 126 17 465 477 363 61 409 312 158 63 78 226 326 83 116 47 125 214 186 67 213 84 82 556 35 304 248 255 104 151 135 400 91 7 182 39 49 557 149 177 20
426 256 214 231 186 232 51 76 295 6 127 343 320 347 296 79 198 150 0 238 11 53 249 171 184 320 119 385 263 84 210 302 286 98 380 326 220 285 150 73 82 139 371 181 354 40 342 386 98 298 41 38 277 173 349 98 109 30 169 301 185 295 235 92 353 407 274 38 418 204 35 74 133 341 330 119 91 270 246 44 114 293 181 339 213 7 127 26 266 227 402 140 282 102 12 84 169 326 127 175 160 321 376 211 329 308 107 212 108 127 110 106 138 341 241 305 383 387 215 59 295 270 297 352 74 85 352 349 287 402 217 311 389 53 76 164 168 331 108 208 107 26 165 317 329 215 209 261 164 10 89 226 78 178 231 38 195 27 66 38 85 65 70 230 408 183 156 100 107 252 3 283 252 65 145 330 113 103 409 297 29 168
662 492 450 467 422 8 287 312 531 242 363 579 556 583 60 161 434 90 238 0 247 289 485 407 420 556 355 621 27 156 446 66 522 142 616 562 456 521 90 309 318 101 135 417 590 276 106 622 334 62 277 274 513 67 113 334 345 266 405 537 55 59 471 148 589 643 38 274 654 440 205 166 107 105 94 355 327 34 482 196 350 529 59 575 449 233 363 262 502 13 638 376 518 338 228 156 71 90 363 411 80 557 140 447 565 544 133 28 132 113 130 134 102 105 477 69 619 623 451 181 59 506 533 116 166 321 116 585 51 638 23 547 625 289 312 400 404 95 344 32 133 214 75 553 565 451 31 497 400 246 151 14 314 414 11 204 45 213 302 274 155 301 172 12 644 57 392 336 343 16 239 47 488 179 95 94 127 137 645 61 265 72
417 247 205 222 177 241 42 67 286 7 118 334 311 338 305 88 189 159 11 247 0 44 240 162 175 311 110 376 272 93 201 311 277 107 371 317 211 276 159 64 73 148 380 172 345 31 351 377 89 307 32 29 268 182 358 89 100 21 160 292 194 304 226 101 344 398 283 29 409 195 44 83 142 350 339 110 82 279 237 53 105 284 190 330 204 16 118 17 257 236 393 131 273 93 21 93 178 335 118 166 169 312 385 202 320 299 116 221 117 136 119 115 147 350 232 314 374 378 206 68 304 261 288 361 83 76 361 340 296 393 226 302 380 44 67 155 159 340 99 217 116 35 174 308 320 206 218 252 155 3 98 235 69 169 240 47 204 36 57 29 94 56 79 239 399 192 147 91 98 261 12 292 243 74 154 339 122 112 400 306 20 177
375 205 163 180 135 283 4 25 244 49 76 292 269 296 347 130 147 201 53 289 44 0 198 120 133 269 68 334 314 135 159 353 235 149 329 275 169 234 201 22 31 190 422 130 303 15 393 335 47 349 14 17 226 224 400 47 58 25 118 250 236 346 184 143 302 356 325 17 367 153 86 125 184 392 381 68 40 321 195 95 63 242 232 288 162 58 76 29 215 278 351 89 231 51 63 135 220 377 76 124 211 270 427 160 278 257 158 263 159 178 161 157 189 392 190 356 332 336 164 110 346 219 246 403 125 34 403 298 338 351 268 260 338 2 25 113 117 382 57 259 158 77 216 266 278 164 260 210 113 45 140 277 27 127 282 89 246 78 15 17 136 14 121 281 357 234 105 49 56 303 54 334 201 116 196 381 164 154 358 348 26 219
179 9 37 20 65 479 200 175 48 245 124 96 73 100 543 326 53 397 249 485 240 198 0 80 67 73 132 138 510 331 41 549 39 345 133 79 31 38 397 178 169 386 618 72 107 211 589 139 153 545 210 213 30 420 596 153 142 221 82 54 432 542 16 339 106 160 521 213 171 47 282 321 380 588 577 132 160 517 5 291 137 46 428 92 38 254 124 225 19 474 155 111 35 149 259 331 416 573 124 76 407 74 623 40 82 61 354 459 355 374 357 353 385 588 10 552 136 140 36 306 542 23 50 599 321 166 599 102 534 155 464 64 142 198 175 87 83 578 143 455 354 273 412 70 82 36 456 14 89 241 336 473 173 73 478 285 442 274 185 213 332 188 317 477 161 430 95 151 144 499 250 530 5 312 392 577 360 350 162 544 222 415
257 87 45 62 17 401 122 97 126 167 46 174 151 178 465 248 29 319 171 407 162 120 80 0 15 151 54 216 432 253 41 471 117 267 211 157 51 116 319 100 91 308 540 12 185 133 511 217 75 467 132 135 108 342 518 75 64 143 4 132 354 464 66 261 184 238 443 135 249 35 204 243 302 510 499 54 82 439 77 213 59 124 350 170 44 176 46 147 97 396 233 33 113 71 181 253 338 495 46 6 329 152 545 42 160 139 276 381 277 296 279 275 307 510 72 474 214 218 46 228 464 101 128 521 243 88 521 180 456 233 386 142 220 120 97 9 5 500 65 377 276 195 334 148 160 46 378 92 11 163 258 395 95 9 400 207 364 196 107 135 254 110 239 399 239 352 17 73 66 421 172 452 83 234 314 499 282 272 240 466 144 337
244 74 32 49 4 414 135 110 113 180 59 161 138 165 478 261 16 332 184 420 175 133 67 15 0 138 67 203 445 266 28 484 104 280 198 144 38 103 332 113 104 321 553 7 172 146 524 204 88 480 145 148 95 355 531 88 77 156 17 119 367 477 53 274 171 225 456 148 236 22 217 256 315 523 512 67 95 452 64 226 72 111 363 157 31 189 59 160 84 409 220 46 100 84 194 266 351 508 59 11 342 139 558 29 147 126 289 394 290 309 292 288 320 523 59 487 201 205 33 241 477 88 115 534 256 101 534 167 469 220 399 129 207 133 110 22 18 513 78 390 289 208 347 135 147 33 391 79 24 176 271 408 108 8 413 220 377 209 120 148 267 123 252 412 226 365 30 86 79 434 185 465 70 247 327 512 295 285 227 479 157 350
108 66 108 91 136 550 271 246 27 316 195 25 2 29 614 397 124 468 320 556 311 269 73 151 138 0 203 67 581 402 112 620 36 416 62 8 102 37 468 249 240 457 689 143 36 282 660 68 224 616 281 284 45 491 667 224 213 292 153 21 503 613 87 410 35 89 592 284 100 118 353 392 451 659 648 203 231 588 76 362 208 29 499 21 109 325 195 296 56 545 84 182 40 220 330 402 487 644 195 147 478 3 694 111 11 14 425 530 426 445 428 424 456 659 81 623 65 69 107 377 613 52 25 670 392 237 670 31 605 84 535 11 71 269 246 158 154 649 214 526 425 344 483 7 11 107 527 61 160 312 407 544 244 144 549 356 513 345 256 284 403 259 388 548 90 501 166 222 215 570 321 601 72 383 463 648 431 421 91 615 293 486
309 139 97 114 69 349 70 45 178 115 10 226 203 230 413 196 81 267 119 355 110 68 132 54 67 203 0 268 380 201 93 419 169 215 263 209 103 168 267 48 39 256 488 64 237 81 459 269 23 415 80 83 160 290 466 23 12 91 52 184 302 412 118 209 236 290 391 83 301 87 152 191 250 458 447 2 30 387 129 161 7 176 298 222 96 124 10 95 149 344 285 23 165 19 129 201 286 443 10 58 277 204 493 94 212 191 224 329 225 244 227 223 255 458 124 422 266 270 98 176 412 153 180 469 191 36 469 232 404 285 334 194 272 68 45 47 51 448 13 325 224 143 282 200 212 98 326 144 47 111 206 343 43 61 348 155 312 144 55 83 202 58 187 347 291 300 39 21 14 369 120 400 135 182 262 447 230 220 292 414 92 285
43 131 173 156 201 615 336 311 92 381 260 46 67 40 679 462 189 533 385 621 376 334 138 216 203 67 268 0 646 467 177 685 101 481 7 61 167 102 533 314 305 522 754 208 33 347 725 3 289 681 346 349 110 556 732 289 278 357 218 86 568 678 152 475 36 24 657 349 35 183 418 457 516 724 713 268 296 653 141 427 273 94 564 50 174 390 260 361 121 610 19 247 105 285 395 467 552 709 260 212 543 66 759 176 58 79 490 595 491 510 493 489 521 724 146 688 4 4 172 442 678 117 90 735 457 302 735 38 670 19 600 76 6 334 311 223 219 714 279 591 490 409 548 72 58 172 592 126 225 377 472 609 309 209 614 421 578 410 321 349 468 324 453 613 25 566 231 287 280 635 386 666 137 448 528 713 496 486 26 680 358 551
687 517 475 492 447 33 312 337 556 267 388 604 581 608 35 186 459 115 263 27 272 314 510 432 445 581 380 646 0 181 471 41 547 167 641 587 481 546 115 334 343 126 110 442 615 301 81 647 359 37 302 299 538 92 88 359 370 291 430 562 80 34 496 173 614 668 13 299 679 465 230 191 132 80 69 380 352 9 507 221 375 554 84 600 474 258 388 287 527 38 663 401 543 363 253 181 96 65 388 436 105 582 115 472 590 569 158 53 157 138 155 159 127 80 502 44 644 648 476 206 34 531 558 91 191 346 91 610 26 663 48 572 650 314 337 425 429 70 369 57 158 239 100 578 590 476 56 522 425 271 176 39 339 439 36 229 70 238 327 299 180 326 197 37 669 82 417 361 368 15 264 22 513 204 120 69 152 162 670 36 290 97
508 338 296 313 268 150 133 158 377 88 209 425 402 429 214 7 280 68 84 156 93 135 331 253 266 402 201 467 181 0 292 220 368 16 462 408 302 367 68 155 164 57 289 263 436 122 260 468 180 216 123 120 359 91 267 180 191 112 251 383 103 213 317 10 435 489 192 120 500 286 51 12 51 259 248 201 173 188 328 42 196 375 99 421 295 79 209 108 348 145 484 222 364 184 74 2 87 244 209 257 78 403 294 293 411 390 25 130 26 45 28 24 56 259 323 223 465 469 297 27 213 352 379 270 12 167 270 431 205 484 135 393 471 135 158 246 250 249 190 126 25 60 83 399 411 297 127 343 246 92 7 144 160 260 149 50 113 59 148 120 3 147 18 148 490 101 238 182 189 170 85 201 334 25 63 248 31 21 491 215 111 86
218 48 6 23 26 440 161 136 87 206 85 135 112 139 504 287 14 358 210 446 201 159 41 41 28 112 93 177 471 292 0 510 78 306 172 118 12 77 358 139 130 347 579 33 146 172 550 178 114 506 171 174 69 381 557 114 103 182 43 93 393 503 27 300 145 199 482 174 210 8 243 282 341 549 538 93 121 478 38 252 98 85 389 131 5 215 85 186 58 435 194 72 74 110 220 292 377 534 85 37 368 113 584 3 121 100 315 420 316 335 318 314 346 549 33 513 175 179 7 267 503 62 89 560 282 127 560 141 495 194 425 103 181 159 136 48 44 539 104 416 315 234 373 109 121 7 417 53 50 202 297 434 134 34 439 246 403 235 146 174 293 149 278 438 200 391 56 112 105 460 211 491 44 273 353 538 321 311 201 505 183 376
726 556 514 531 486 72 351 376 595 306 427 643 620 647 8 225 498 154 302 66 311 353 549 471 484 620 419 685 41 220 510 0 586 206 680 626 520 585 154 373 382 165 71 481 654 340 42 686 398 6 341 338 577 131 49 398 409 330 469 601 119 9 535 212 653 707 30 338 718 504 269 230 171 41 30 419 391 34 546 260 414 593 123 639 513 297 427 326 566 77 702 440 582 402 292 220 135 26 427 475 144 621 76 511 629 608 197 92 196 177 194 198 166 41 541 5 683 687 515 245 9 570 597 52 230 385 52 649 17 702 87 611 689 353 376 464 468 31 408 96 197 278 139 617 629 515 95 561 464 310 215 78 378 478 75 268 109 277 366 338 219 365 236 76 708 121 456 400 407 54 303 21 552 243 159 30 191 201 709 9 329 136
142 32 74 57 102 516 237 212 11 282 161 59 36 63 580 363 90 434 286 522 277 235 39 117 104 36 169 101 547 368 78 586 0 382 96 42 68 3 434 215 206 423 655 109 70 248 626 102 190 582 247 250 11 457 633 190 179 258 119 17 469 579 53 376 69 123 558 250 134 84 319 358 417 625 614 169 197 554 42 328 174 9 465 55 75 291 161 262 22 511 118 148 6 186 296 368 453 610 161 113 444 37 660 77 45 24 391 496 392 411 394 390 422 625 47 589 99 103 73 343 579 18 13 636 358 203 636 65 571 118 501 27 105 235 212 124 120 615 180 492 391 310 449 33 45 73 493 27 126 278 373 510 210 110 515 322 479 311 222 250 369 225 354 514 124 467 132 188 181 536 287 567 38 349 429 614 397 387 125 581 259 452
522 352 310 327 282 136 147 172 391 102 223 439 416 443 200 21 294 54 98 142 107 149 345 267 280 416 215 481 167 16 306 206 382 0 476 422 316 381 54 169 178 43 275 277 450 136 246 482 194 202 137 134 373 77 253 194 205 126 265 397 89 199 331 8 449 503 178 134 514 300 65 26 37 245 234 215 187 174 342 56 210 389 85 435 309 93 223 122 362 131 498 236 378 198 88 16 73 230 223 271 64 417 280 307 425 404 11 116 12 31 14 10 42 245 337 209 479 483 311 41 199 366 393 256 26 181 256 445 191 498 121 407 485 149 172 260 264 235 204 112 11 74 69 413 425 311 113 357 260 106 11 130 174 274 135 64 99 73 162 134 15 161 32 134 504 87 252 196 203 156 99 187 348 39 49 234 17 7 505 201 125 72
48 126 168 151 196 610 331 306 87 376 255 41 62 35 674 457 184 528 380 616 371 329 133 211 198 62 263 7 641 462 172 680 96 476 0 56 162 97 528 309 300 517 749 203 28 342 720 8 284 676 341 344 105 551 727 284 273 352 213 81 563 673 147 470 31 29 652 344 40 178 413 452 511 719 708 263 291 648 136 422 268 89 559 45 169 385 255 356 116 605 24 242 100 280 390 462 547 704 255 207 538 61 754 171 53 74 485 590 486 505 488 484 516 719 141 683 5 9 167 437 673 112 85 730 452 297 730 33 665 24 595 71 11 329 306 218 214 709 274 586 485 404 543 67 53 167 587 121 220 372 467 604 304 204 609 416 573 405 316 344 463 319 448 608 30 561 226 282 275 630 381 661 132 443 523 708 491 481 31 675 353 546
102 72 114 97 142 556 277 252 33 322 201 19 8 23 620 403 130 474 326 562 317 275 79 157 144 8 209 61 587 408 118 626 42 422 56 0 108 43 474 255 246 463 695 149 30 288 666 62 230 622 287 290 51 497 673 230 219 298 159 27 509 619 93 416 29 83 598 290 94 124 359 398 457 665 654 209 237 594 82 368 214 35 505 15 115 331 201 302 62 551 78 188 46 226 336 408 493 650 201 153 484 7 700 117 5 20 431 536 432 451 434 430 462 665 87 629 59 63 113 383 619 58 31 676 398 243 676 25 611 78 541 17 65 275 252 164 160 655 220 532 431 350 489 13 5 113 533 67 166 318 413 550 250 150 555 362 519 351 262 290 409 265 394 554 84 507 172 228 221 576 327 607 78 389 469 654 437 427 85 621 299 492
208 38 8 13 36 450 171 146 77 216 95 125 102 129 514 297 24 368 220 456 211 169 31 51 38 102 103 167 481 302 12 520 68 316 162 108 0 67 368 149 140 357 589 43 136 182 560 168 124 516 181 184 59 391 567 124 113 192 53 83 403 513 17 310 135 189 492 184 200 18 253 292 351 559 548 103 131 488 28 262 108 75 399 121 9 225 95 196 48 445 184 82 64 120 230 302 387 544 95 47 378 103 594 11 111 90 325 430 326 345 328 324 356 559 23 523 165 169 7 277 513 52 79 570 292 137 570 131 505 184 435 93 171 169 146 58 54 549 114 426 325 244 383 99 111 7 427 43 60 212 307 444 144 44 449 256 413 245 156 184 303 159 288 448 190 401 66 122 115 470 221 501 34 283 363 548 331 321 191 515 193 386
143 31 73 56 101 515 236 211 12 281 160 60 37 64 579 362 89 433 285 521 276 234 38 116 103 37 168 102 546 367 77 585 3 381 97 43 67 0 433 214 205 422 654 108 71 247 625 103 189 581 246 249 10 456 632 189 178 257 118 18 468 578 52 375 70 124 557 249 135 83 318 357 416 624 613 168 196 553 41 327 173 10 464 56 74 290 160 261 21 510 119 147 5 185 295 367 452 609 160 112 443 38 659 76 46 25 390 495 391 410 393 389 421 624 46 588 100 104 72 342 578 17 14 635 357 202 635 66 570 119 500 28 106 234 211 123 119 614 179 491 390 309 448 34 46 72 492 26 125 277 372 509 209 109 514 321 478 310 221 249 368 224 353 513 125 466 131 187 180 535 286 566 37 348 428 613 396 386 126 580 258 451
574 404 362 379 334 84 199 224 443 154 275 491 468 495 148 73 346 2 150 90 159 201 397 319 332 468 267 533 115 68 358 154 434 54 528 474 368 433 0 221 230 13 223 329 502 188 194 534 246 150 189 186 425 25 201 246 257 178 317 449 37 147 383 60 501 555 126 186 566 352 117 78 19 193 182 267 239 122 394 108 262 441 33 487 361 145 275 174 414 79 550 288 430 250 140 68 21 178 275 323 12 469 228 359 477 456 45 64 44 25 42 46 14 193 389 157 531 535 363 93 147 418 445 204 78 233 204 497 139 550 69 459 537 201 224 312 316 183 256 60 45 126 17 465 477 363 61 409 312 158 63 78 226 326 83 116 47 125 214 186 67 213 84 82 556 35 304 248 255 104 151 135 400 91 7 182 39 49 557 149 177 20
355 185 143 160 115 303 24 5 224 69 56 272 249 276 367 150 127 221 73 309 64 22 178 100 113 249 48 314 334 155 139 373 215 169 309 255 149 214 221 0 11 210 442 110 283 35 413 315 27 369 34 37 206 244 420 27 38 45 98 230 256 366 164 163 282 336 345 37 347 133 106 145 204 412 401 48 20 341 175 115 43 222 252 268 142 78 56 49 195 298 331 69 211 31 83 155 240 397 56 104 231 250 447 140 258 237 178 283 179 198 181 177 209 412 170 376 312 316 144 130 366 199 226 423 145 14 423 278 358 331 288 240 318 22 5 93 97 402 37 279 178 97 236 246 258 144 280 190 93 65 160 297 7 107 302 109 266 98 9 37 156 12 141 301 337 254 85 29 36 323 74 354 181 136 216 401 184 174 338 368 46 239
346 176 134 151 106 312 33 8 215 78 47 263 240 267 376 159 118 230 82 318 73 31 169 91 104 240 39 305 343 164 130 382 206 178 300 246 140 205 230 11 0 219 451 101 274 44 422 306 18 378 43 46 197 253 429 18 29 54 89 221 265 375 155 172 273 327 354 46 338 124 115 154 213 421 410 39 11 350 166 124 34 213 261 259 133 87 47 58 186 307 322 60 202 22 92 164 249 406 47 95 240 241 456 131 249 228 187 292 188 207 190 186 218 421 161 385 303 307 135 139 375 190 217 432 154 5 432 269 367 322 297 231 309 31 8 84 88 411 28 288 187 106 245 237 249 135 289 181 84 74 169 306 6 98 311 118 275 107 18 46 165 21 150 310 328 263 76 20 27 332 83 363 172 145 225 410 193 183 329 377 55 248
563 393 351 368 323 95 188 213 432 143 264 480 457 484 159 62 335 13 139 101 148 190 386 308 321 457 256 522 126 57 347 165 423 43 517 463 357 422 13 210 219 0 234 318 491 177 205 523 235 161 178 175 414 36 212 235 246 167 306 438 48 158 372 49 490 544 137 175 555 341 106 67 8 204 193 256 228 133 383 97 251 430 44 476 350 134 264 163 403 90 539 277 419 239 129 57 32 189 264 312 23 458 239 348 466 445 34 75 33 14 31 35 3 204 378 168 520 524 352 82 158 407 434 215 67 222 215 486 150 539 80 448 526 190 213 301 305 194 245 71 34 115 28 454 466 352 72 398 301 147 52 89 215 315 94 105 58 114 203 175 56 202 73 93 545 46 293 237 244 115 140 146 389 80 8 193 28 38 546 160 166 31
795 625 583 600 555 141 420 445 664 375 496 712 689 716 77 294 567 223 371 135 380 422 618 540 553 689 488 754 110 289 579 71 655 275 749 695 589 654 223 442 451 234 0 550 723 409 31 755 467 75 410 407 646 200 24 467 478 399 538 670 188 78 604 281 722 776 99 407 787 573 338 299 240 32 43 488 460 103 615 329 483 662 192 708 582 366 496 395 635 146 771 509 651 471 361 289 204 47 496 544 213 690 7 580 698 677 266 161 265 246 263 267 235 32 610 68 752 756 584 314 78 639 666 21 299 454 23 718 86 771 156 680 758 422 445 533 537 42 477 165 266 347 208 686 698 584 164 630 533 379 284 147 447 547 144 337 178 346 435 407 288 434 305 145 777 190 525 469 476 123 372 90 621 312 228 43 260 270 778 78 398 205
249 79 37 54 9 411 132 107 118 177 56 166 143 170 475 258 21 329 181 417 172 130 72 12 7 143 64 208 442 263 33 481 109 277 203 149 43 108 329 110 101 318 550 0 177 143 521 209 85 477 142 145 100 352 528 85 74 153 14 124 364 474 58 271 176 230 453 145 241 27 214 253 312 520 509 64 92 449 69 223 69 116 360 162 36 186 56 157 89 406 225 43 105 81 191 263 348 505 56 8 339 144 555 34 152 131 286 391 287 306 289 285 317 520 64 484 206 210 38 238 474 93 120 531 253 98 531 172 466 225 396 134 212 130 107 19 15 510 75 387 286 205 344 140 152 38 388 84 21 173 268 405 105 5 410 217 374 206 117 145 264 120 249 409 231 362 27 83 76 431 182 462 75 244 324 509 292 282 232 476 154 347
74 100 142 125 170 584 305 280 61 350 229 15 36 9 648 431 158 502 354 590 345 303 107 185 172 36 237 33 615 436 146 654 70 450 28 30 136 71 502 283 274 491 723 177 0 316 694 34 258 650 315 318 79 525 701 258 247 326 187 55 537 647 121 444 5 55 626 318 66 152 387 426 485 693 682 237 265 622 110 396 242 63 533 19 143 359 229 330 90 579 50 216 74 254 364 436 521 678 229 181 512 35 728 145 27 48 459 564 460 479 462 458 490 693 115 657 31 35 141 411 647 86 59 704 426 271 704 7 639 50 569 45 37 303 280 192 188 683 248 560 459 378 517 41 27 141 561 95 194 346 441 578 278 178 583 390 547 379 290 318 437 293 422 582 56 535 200 256 249 604 355 635 106 417 497 682 465 455 57 649 327 520
388 218 176 193 148 270 13 38 257 36 89 305 282 309 334 117 160 188 40 276 31 15 211 133 146 282 81 347 301 122 172 340 248 136 342 288 182 247 188 35 44 177 409 143 316 0 380 348 60 336 3 4 239 211 387 60 71 12 131 263 223 333 197 130 315 369 312 4 380 166 73 112 171 379 368 81 53 308 208 82 76 255 219 301 175 45 89 16 228 265 364 102 244 64 50 122 207 364 89 137 198 283 414 173 291 270 145 250 146 165 148 144 176 379 203 343 345 349 177 97 333 232 259 390 112 47 390 311 325 364 255 273 351 15 38 126 130 369 70 246 145 64 203 279 291 177 247 223 126 32 127 264 40 140 269 76 233 65 28 4 123 27 108 268 370 221 118 62 69 290 41 321 214 103 183 368 151 141 371 335 13 206
766 596 554 571 526 112 391 416 635 346 467 683 660 687 48 265 538 194 342 106 351 393 589 511 524 660 459 725 81 260 550 42 626 246 720 666 560 625 194 413 422 205 31 521 694 380 0 726 438 46 381 378 617 171 9 438 449 370 509 641 159 49 575 252 693 747 70 378 758 544 309 270 211 3 14 459 431 74 586 300 454 633 163 679 553 337 467 366 606 117 742 480 622 442 332 260 175 18 467 515 184 661 36 551 669 648 237 132 236 217 234 238 206 3 581 39 723 727 555 285 49 610 637 12 270 425 12 689 57 742 127 651 729 393 416 504 508 13 448 136 237 318 179 657 669 555 135 601 504 350 255 118 418 518 115 308 149 317 406 378 259 405 276 116 748 161 496 440 447 94 343 61 592 283 199 14 231 241 749 49 369 176
42 132 174 157 202 616 337 312 93 382 261 47 68 41 680 463 190 534 386 622 377 335 139 217 204 68 269 3 647 468 178 686 102 482 8 62 168 103 534 315 306 523 755 209 34 348 726 0 290 682 347 350 111 557 733 290 279 358 219 87 569 679 153 476 37 23 658 350 34 184 419 458 517 725 714 269 297 654 142 428 274 95 565 51 175 391 261 362 122 611 18 248 106 286 396 468 553 710 261 213 544 67 760 177 59 80 491 596 492 511 494 490 522 725 147 689 5 3 173 443 679 118 91 736 458 303 736 39 671 18 601 77 5 335 312 224 220 715 280 592 491 410 549 73 59 173 593 127 226 378 473 610 310 210 615 422 579 411 322 350 469 325 454 614 24 567 232 288 281 636 387 667 138 449 529 714 497 487 25 681 359 552
330 160 118 135 90 328 49 24 199 94 31 247 224 251 392 175 102 246 98 334 89 47 153 75 88 224 23 289 359 180 114 398 190 194 284 230 124 189 246 27 18 235 467 85 258 60 438 290 0 394 59 62 181 269 445 2 13 70 73 205 281 391 139 188 257 311 370 62 322 108 131 170 229 437 426 23 9 366 150 140 18 197 277 243 117 103 31 74 170 323 306 44 186 6 108 180 265 422 31 79 256 225 472 115 233 212 203 308 204 223 206 202 234 437 145 401 287 291 119 155 391 174 201 448 170 15 448 253 383 306 313 215 293 47 24 68 72 427 12 304 203 122 261 221 233 119 305 165 68 90 185 322 22 82 327 134 291 123 34 62 181 37 166 326 312 279 60 4 11 348 99 379 156 161 241 426 209 199 313 393 71 264
722 552 510 527 482 68 347 372 591 302 423 639 616 643 4 221 494 150 298 62 307 349 545 467 480 616 415 681 37 216 506 6 582 202 676 622 516 581 150 369 378 161 75 477 650 336 46 682 394 0 337 334 573 127 53 394 405 326 465 597 115 5 531 208 649 703 26 334 714 500 265 226 167 45 34 415 387 30 542 256 410 589 119 635 509 293 423 322 562 73 698 436 578 398 288 216 131 30 423 471 140 617 80 507 625 604 193 88 192 173 190 194 162 45 537 9 679 683 511 241 5 566 593 56 226 381 56 645 13 698 83 607 685 349 372 460 464 35 404 92 193 274 135 613 625 511 91 557 460 306 211 74 374 474 71 264 105 273 362 334 215 361 232 72 704 117 452 396 403 50 299 17 548 239 155 34 187 197 705 5 325 132
387 217 175 192 147 271 12 37 256 37 88 304 281 308 335 118 159 189 41 277 32 14 210 132 145 281 80 346 302 123 171 341 247 137 341 287 181 246 189 34 43 178 410 142 315 3 381 347 59 337 0 5 238 212 388 59 70 13 130 262 224 334 196 131 314 368 313 5 379 165 74 113 172 380 369 80 52 309 207 83 75 254 220 300 174 46 88 17 227 266 363 101 243 63 51 123 208 365 88 136 199 282 415 172 290 269 146 251 147 166 149 145 177 380 202 344 344 348 176 98 334 231 258 391 113 46 391 310 326 363 256 272 350 14 37 125 129 370 69 247 146 65 204 278 290 176 248 222 125 33 128 265 39 139 270 77 234 66 27 5 124 26 109 269 369 222 117 61 68 291 42 322 213 104 184 369 152 142 370 336 14 207
390 220 178 195 150 268 15 40 259 34 91 307 284 311 332 115 162 186 38 274 29 17 213 135 148 284 83 349 299 120 174 338 250 134 344 290 184 249 186 37 46 175 407 145 318 4 378 350 62 334 5 0 241 209 385 62 73 10 133 265 221 331 199 128 317 371 310 2 382 168 71 110 169 377 366 83 55 306 210 80 78 257 217 303 177 43 91 14 230 263 366 104 246 66 48 120 205 362 91 139 196 285 412 175 293 272 143 248 144 163 146 142 174 377 205 341 347 351 179 95 331 234 261 388 110 49 388 313 323 366 253 275 353 17 40 128 132 367 72 244 143 62 201 281 293 179 245 225 128 30 125 262 42 142 267 74 231 63 30 2 121 29 106 266 372 219 120 64 71 288 39 319 216 101 181 366 149 139 373 333 11 204
151 23 65 48 93 507 228 203 20 273 152 68 45 72 571 354 81 425 277 513 268 226 30 108 95 45 160 110 538 359 69 577 11 373 105 51 59 10 425 206 197 414 646 100 79 239 617 111 181 573 238 241 0 448 624 181 170 249 110 26 460 570 44 367 78 132 549 241 143 75 310 349 408 616 605 160 188 545 33 319 165 18 456 64 66 282 152 253 13 502 127 139 7 177 287 359 444 601 152 104 435 46 651 68 54 33 382 487 383 402 385 381 413 616 38 580 108 112 64 334 570 9 22 627 349 194 627 74 562 127 492 36 114 226 203 115 111 606 171 483 382 301 440 42 54 64 484 18 117 269 364 501 201 101 506 313 470 302 213 241 360 216 345 505 133 458 123 179 172 527 278 558 29 340 420 605 388 378 134 572 250 443
597 427 385 402 357 61 222 247 466 177 298 514 491 518 125 96 369 25 173 67 182 224 420 342 355 491 290 556 92 91 381 131 457 77 551 497 391 456 25 244 253 36 200 352 525 211 171 557 269 127 212 209 448 0 178 269 280 201 340 472 14 124 406 83 524 578 103 209 589 375 140 101 42 170 159 290 262 99 417 131 285 464 10 510 384 168 298 197 437 56 573 311 453 273 163 91 6 155 298 346 15 492 205 382 500 479 68 41 67 48 65 69 37 170 412 134 554 558 386 116 124 441 468 181 101 256 181 520 116 573 46 482 560 224 247 335 339 160 279 37 68 149 10 488 500 386 38 432 335 181 86 55 249 349 60 139 24 148 237 209 90 236 107 59 579 12 327 271 278 81 174 112 423 114 30 159 62 72 580 126 200 7
773 603 561 578 533 119 398 423 642 353 474 690 667 694 55 272 545 201 349 113 358 400 596 518 531 667 466 732 88 267 557 49 633 253 727 673 567 632 201 420 429 212 24 528 701 387 9 733 445 53 388 385 624 178 0 445 456 377 516 648 166 56 582 259 700 754 77 385 765 551 316 277 218 10 21 466 438 81 593 307 461 640 170 686 560 344 474 373 613 124 749 487 629 449 339 267 182 25 474 522 191 668 29 558 676 655 244 139 243 224 241 245 213 10 588 46 730 734 562 292 56 617 644 5 277 432 5 696 64 749 134 658 736 400 423 511 515 20 455 143 244 325 186 664 676 562 142 608 511 357 262 125 425 525 122 315 156 324 413 385 266 412 283 123 755 168 503 447 454 101 350 68 599 290 206 21 238 248 756 56 376 183
330 160 118 135 90 328 49 24 199 94 31 247 224 251 392 175 102 246 98 334 89 47 153 75 88 224 23 289 359 180 114 398 190 194 284 230 124 189 246 27 18 235 467 85 258 60 438 290 2 394 59 62 181 269 445 0 13 70 73 205 281 391 139 188 257 311 370 62 322 108 131 170 229 437 426 23 9 366 150 140 18 197 277 243 117 103 31 74 170 323 306 44 186 6 108 180 265 422 31 79 256 225 472 115 233 212 203 308 204 223 206 202 234 437 145 401 287 291 119 155 391 174 201 448 170 15 448 253 383 306 313 215 293 47 24 68 72 427 12 304 203 122 261 221 233 119 305 165 68 90 185 322 22 82 327 134 291 123 34 62 181 37 166 326 312 279 60 4 11 348 99 379 156 161 241 426 209 199 313 393 71 264
319 149 107 124 79 339 60 35 188 105 20 236 213 240 403 186 91 257 109 345 100 58 142 64 77 213 12 278 370 191 103 409 179 205 273 219 113 178 257 38 29 246 478 74 247 71 449 279 13 405 70 73 170 280 456 13 0 81 62 194 292 402 128 199 246 300 381 73 311 97 142 181 240 448 437 12 20 377 139 151 7 186 288 232 106 114 20 85 159 334 295 33 175 9 119 191 276 433 20 68 267 214 483 104 222 201 214 319 215 234 217 213 245 448 134 412 276 280 108 166 402 163 190 459 181 26 459 242 394 295 324 204 282 58 35 57 61 438 3 315 214 133 272 210 222 108 316 154 57 101 196 333 33 71 338 145 302 134 45 73 192 48 177 337 301 290 49 11 4 359 110 390 145 172 252 437 220 210 302 404 82 275
398 228 186 203 158 260 23 48 267 26 99 315 292 319 324 107 170 178 30 266 21 25 221 143 156 292 91 357 291 112 182 330 258 126 352 298 192 257 178 45 54 167 399 153 326 12 370 358 70 326 13 10 249 201 377 70 81 0 141 273 213 323 207 120 325 379 302 10 390 176 63 102 161 369 358 91 63 298 218 72 86 265 209 311 185 35 99 6 238 255 374 112 254 74 40 112 197 354 99 147 188 293 404 183 301 280 135 240 136 155 138 134 166 369 213 333 355 359 187 87 323 242 269 380 102 57 380 321 315 374 245 283 361 25 48 136 140 359 80 236 135 54 193 289 301 187 237 233 136 22 117 254 50 150 259 66 223 55 38 10 113 37 98 258 380 211 128 72 79 280 31 311 224 93 173 358 141 131 381 325 3 196
