7
0 94 72 5 90 61 55
94 0 24 91 6 35 41
72 24 0 69 20 13 19
5 91 69 0 87 58 52
90 6 20 87 0 31 37
61 35 13 58 31 0 8
55 41 19 52 37 8 0
